% Step response test
% 2020-11-12

temp = [
19.20
19.20
19.20
19.20
19.20
19.20
19.20
19.20
19.20
19.20
19.20
19.30
19.30
19.30
19.30
19.30
19.30
19.30
19.30
19.30
19.30
19.30
19.30
19.30
19.30
19.30
19.30
19.40
19.40
19.30
19.40
19.30
19.40
19.40
19.40
19.40
19.40
19.40
19.40
19.50
19.50
19.50
19.50
19.50
19.50
19.50
19.50
19.60
19.60
19.60
19.60
19.60
19.60
19.60
19.60
19.60
19.60
19.60
19.70
19.70
19.70
19.70
19.70
19.70
19.80
19.70
19.80
19.80
19.80
19.80
19.80
19.80
19.80
19.90
19.90
19.90
19.90
19.90
19.90
20.00
19.90
20.00
20.00
20.00
20.00
20.00
20.00
20.00
20.00
20.00
20.00
20.10
20.10
20.10
20.10
20.10
20.10
20.10
20.10
20.10
20.20
20.20
20.20
20.20
20.20
20.20
20.20
20.20
20.20
20.20
20.30
20.20
20.30
20.30
20.30
20.30
20.30
20.30
20.30
20.30
20.30
20.40
20.40
20.40
20.40
20.40
20.40
20.40
20.50
20.40
20.50
20.50
20.50
20.50
20.50
20.50
20.50
20.50
20.50
20.50
20.50
20.60
20.50
20.50
20.50
20.60
20.60
20.60
20.60
20.60
20.60
20.60
20.60
20.60
20.60
20.60
20.60
20.60
20.70
20.70
20.70
20.70
20.70
20.70
20.70
20.70
20.70
20.70
20.70
20.70
20.70
20.70
20.80
20.70
20.70
20.80
20.80
20.80
20.80
20.80
20.80
20.80
20.80
20.80
20.80
20.80
20.80
20.80
20.80
20.80
20.80
20.80
20.80
20.80
20.80
20.90
20.90
20.90
20.90
20.90
20.90
20.90
20.90
20.90
20.90
20.90
20.90
20.90
20.90
20.90
20.90
20.90
20.90
20.90
20.90
20.90
20.90
20.90
20.90
20.90
20.90
20.90
21.00
21.00
20.90
21.00
21.00
21.00
21.00
21.00
21.00
21.00
21.00
21.00
21.00
21.00
21.00
21.00
21.00
21.00
21.00
21.00
21.00
21.00
21.00
21.00
21.00
21.00
21.10
21.00
21.00
21.00
21.10
21.10
21.00
21.10
21.00
21.10
21.10
21.10
21.10
21.10
21.10
21.10
21.10
21.10
21.10
21.10
21.10
21.10
21.10
21.10
21.10
21.10
21.10
21.10
21.10
21.10
21.10
21.10
21.10
21.10
21.10
21.20
21.10
21.10
21.20
21.20
21.20
21.20
21.20
21.20
21.20
21.20
21.20
21.20
21.20
21.20
21.20
21.20
21.20
21.20
21.20
21.20
21.20
21.20
21.20
21.30
21.20
21.20
21.20
21.20
21.20
21.20
21.20
21.20
21.20
21.20
21.30
21.20
21.30
21.20
21.20
21.20
21.20
21.20
21.20
21.20
21.20
21.20
21.20
21.30
21.20
21.20
21.30
21.30
21.20
21.20
21.20
21.30
21.30
21.30
21.30
21.20
21.30
21.30
21.30
21.30
21.30
21.30
21.30
21.30
21.30
21.30
21.30
21.30
21.30
21.30
21.30
21.30
21.30
21.30
21.30
21.30
21.30
21.30
21.30
21.30
21.30
21.30
21.30
21.30
21.30
21.30
21.30
21.30
21.30
21.30
21.30
21.30
21.30
21.30
21.30
21.30
21.30
21.30
21.30
21.30
21.30
21.30
21.30
21.30
21.30
21.30
21.30
21.30
21.30
21.30
21.30
21.30
21.30
21.30
21.30
21.30
21.30
21.30
21.30
21.30
21.30
21.30
21.40
21.30
21.30
21.30
21.30
21.30
21.30
21.30
21.40
21.40
21.30
21.40
21.40
21.30
21.30
21.40
21.40
21.40
21.40
21.30
21.40
21.40
21.40
21.40
21.40
21.40
21.40
21.40
21.40
21.40
21.40
21.40
21.40
21.40
21.40
21.40
21.40
21.40
21.40
21.40
21.40
21.40
21.40
21.40
21.40
21.40
21.30
21.40
21.40
21.40
21.40
21.40
21.40
21.40
21.40
21.40
21.40
21.40
21.40
21.40
21.40
21.40
21.40
21.40
21.40
21.40
21.40
21.40
21.40
21.40
21.40
21.40
21.40
21.40
21.40
21.40
21.40
21.40
21.40
21.40
21.40
21.40
21.40
21.50
21.40
21.50
21.40
21.40
21.40
21.50
21.50
21.40
21.40
21.50
21.40
21.40
21.50
21.40
21.50
21.50
21.50
21.50
21.40
21.50
21.50
21.40
21.40
21.50
21.40
21.40
21.40
21.40
21.50
21.40
21.50
21.40
21.50
21.40
21.40
21.40
21.40
21.50
21.40
21.40
21.40
21.40
21.40
21.40
21.50
21.40
21.40
21.50
21.50
21.50
21.40
21.50
21.40
21.40
21.40
21.40
21.50
21.50
21.50
21.50
21.50
21.50
21.50
21.50
21.50
21.50
21.50
21.50
21.50
21.50
21.50
21.50
21.50
21.50
21.50
21.50
21.50
21.50
21.50
21.50
21.50
21.50
21.50
21.50
21.50
21.50
21.50
21.50
21.50
21.50
21.50
21.50
21.60
21.60
21.60
21.60
21.60
21.60
21.60
21.50
21.50
21.60
21.60
21.60
21.60
21.60
21.60
21.60
21.60
21.70
21.70
21.60
21.60
21.70
21.60
21.70
21.70
21.60
21.60
21.70
21.70
21.60
21.70
21.70
21.70
21.70
21.70
21.70
21.70
21.70
21.70
21.70
21.70
21.70
21.70
21.70
21.70
21.70
21.70
21.70
21.70
21.70
21.70
21.70
21.70
21.70
21.70
21.70
21.70
21.70
21.70
21.70
21.60
21.70
21.70
21.70
21.70
21.70
21.70
21.70
21.60
21.70
21.70
21.70
21.60
21.70
21.70
21.60
21.70
21.70
21.60
21.70
21.70
21.70
21.60
21.70
21.70
21.60
21.70
21.70
21.60
21.70
21.70
21.70
21.70
21.70
21.70
21.70
21.70
21.70
21.70
21.70
21.70
21.70
21.70
21.70
21.70
21.70
21.70
21.70
21.70
21.70
21.70
21.70
21.70
21.70
21.70
21.70
21.70
21.70
21.70
21.70
21.70
21.70
21.70
21.70
21.70
21.70
21.70
21.70
21.80
21.80
21.80
21.80
21.80
21.80
21.80
21.80
21.70
21.80
21.80
21.80
21.70
21.70
21.80
21.80
21.70
21.80
21.70
21.80
21.80
21.80
21.80
21.70
21.80
21.80
21.80
21.80
21.70
21.70
21.80
21.70
21.80
21.80
21.80
21.70
21.80
21.80
21.70
21.80
21.80
21.70
21.80
21.80
21.70
21.70
21.70
21.70
21.80
21.70
21.70
21.70
21.70
21.70
21.70
21.80
21.70
21.70
21.70
21.70
21.70
21.80
21.70
21.70
21.70
21.70
21.70
21.70
21.70
21.70
21.70
21.70
21.70
21.70
21.70
21.70
21.70
21.70
21.70
21.70
21.70
21.70
21.80
21.70
21.70
21.70
21.70
21.70
21.70
21.70
21.70
21.70
21.70
21.80
21.80
21.80
21.80
21.80
21.80
21.80
21.80
21.80
21.80
21.80
21.80
21.80
21.80
21.80
21.80
21.70
21.80
21.80
21.80
21.80
21.80
21.80
21.80
21.80
21.80
21.80
21.80
21.80
21.80
21.80
21.80
21.80
21.80
21.80
21.80
21.80
21.80
21.80
21.80
21.80
21.80
21.80
21.80
21.80
21.80
21.80
21.80
21.80
21.80
21.80
21.80
21.80
21.80
21.80
21.80
21.80
21.80
21.80
21.80
21.80
21.80
21.80
21.80
21.80
21.80
21.90
21.80
21.80
21.80
21.80
21.80
21.80
21.80
21.80
21.90
21.80
21.90
21.90
21.90
21.80
21.90
21.90
21.80
21.90
21.90
21.80
21.80
21.90
21.80
21.90
21.90
21.80
21.80
21.90
21.90
21.90
21.90
21.80
21.90
21.90
21.90
21.90
21.90
21.90
21.90
21.90
21.90
21.90
21.90
21.90
21.90
21.90
21.90
21.90
21.90
21.90
21.90
21.90
21.90
21.90
21.90
21.90
21.90
21.90
21.90
21.90
21.90
21.90
21.90
21.90
21.80
21.90
21.90
21.90
21.90
21.90
21.90
21.90
21.90
21.90
21.90
21.90
21.90
21.90
21.90
21.90
21.90
21.90
21.90
21.90
21.90
21.90
21.90
21.90
21.90
21.90
21.90
21.90
21.90
21.90
21.90
21.90
21.90
21.90
21.90
21.90
21.90
21.90
21.90
21.90
21.90
21.90
21.90
21.90
21.90
21.90
22.00
21.90
22.00
22.00
21.90
22.00
22.00
21.90
22.00
22.00
21.90
21.90
22.00
21.90
21.90
21.90
21.90
21.90
21.90
21.90
21.90
21.90
22.00
21.90
22.00
22.00
21.90
21.90
21.90
21.90
22.00
22.00
22.00
22.00
21.90
21.90
21.90
22.00
22.00
22.00
22.00
21.90
22.00
21.90
22.00
22.00
22.00
22.00
22.00
22.00
22.00
22.00
22.00
22.00
22.00
22.00
22.00
22.00
22.00
22.00
22.00
22.00
22.00
22.00
22.00
22.00
22.00
22.00
22.00
22.00
22.00
22.00
22.00
22.00
22.00
22.00
22.00
22.00
22.00
22.00
22.00
22.00
22.00
22.00
22.10
22.00
22.00
22.00
22.00
22.00
22.00
22.00
22.10
22.00
22.00
22.00
22.00
22.00
22.00
22.00
22.00
22.00
22.00
22.10
22.00
22.00
22.10
22.10
22.10
22.10
22.10
22.10
22.10
22.00
22.10
22.10
22.10
22.10
22.10
22.10
22.10
22.10
22.10
22.10
22.10
22.10
22.10
22.10
22.10
22.10
22.10
22.10
22.10
22.10
22.10
22.10
22.10
22.10
22.10
22.20
22.20
22.10
22.20
22.10
22.20
22.10
22.10
22.10
22.10
22.20
22.20
22.10
22.10
22.10
22.10
22.10
22.10
22.10
22.10
22.10
22.10
22.10
22.10
22.10
22.10
22.10
22.10
22.10
22.10
22.10
22.10
22.00
22.10
22.10
22.10
22.10
22.10
22.10
22.10
22.10
22.10
22.00
22.10
22.10
22.10
22.10
22.10
22.10
22.10
22.10
22.10
22.10
22.10
22.10
22.10
22.10
22.10
22.10
22.10
22.10
22.10
22.10
22.10
22.10
22.10
22.10
22.10
22.10
22.10
22.10
22.10
22.10
22.10
22.10
22.10
22.10
22.10
22.10
22.10
22.10
22.10
22.10
22.10
22.10
22.10
22.10
22.10
22.10
22.10
22.10
22.10
22.10
22.10
22.10
22.10
22.10
22.10
22.10
22.10
22.10
22.10
22.10
22.10
22.10
22.10
22.10
22.10
22.10
22.10
22.10
22.10
22.10
22.10
22.10
22.10
22.10
22.10
22.10
22.10
22.10
22.10
22.10
22.10
22.10
22.10
22.10
22.10
22.10
22.10
22.10
22.10
22.10
22.10
22.10
22.10
22.10
22.10
22.10
22.10
22.10
22.10
22.10
22.10
22.10
22.10
22.10
22.10
22.10
22.10
22.10
22.10
22.10
22.10
22.10
22.10
22.10
22.10
22.10
22.10
22.10
22.10
22.10
22.10
22.10
22.10
22.10
22.10
22.10
22.10
22.10
22.10
22.10
22.10
22.10
22.10
22.10
22.10
22.10
22.10
22.10
22.10
22.10
22.10
22.10
22.20
22.20
22.20
22.20
22.20
22.20
22.20
22.20
22.20
22.20
22.20
22.10
22.20
22.10
22.10
22.10
22.10
22.10
